Date,Open,High,Low,Close,Adj Close,Volume
2017-04-17,17.410000,18.600000,17.410000,18.400000,15.682319,1002000
2017-04-18,18.400000,18.400000,17.900000,18.000000,15.341397,751100
2017-04-19,17.610001,18.400000,17.000000,17.490000,14.906726,1728500
2017-04-20,17.080000,17.950001,17.080000,17.500000,14.915250,639600
2017-04-24,18.010000,18.010000,17.799999,17.799999,15.170939,2000400
2017-04-25,17.799999,17.799999,17.799999,17.799999,15.170939,0
2017-04-26,18.000000,18.000000,18.000000,18.000000,15.341397,100
2017-04-27,18.000000,18.000000,18.000000,18.000000,15.341397,0
2017-04-28,18.000000,18.000000,18.000000,18.000000,15.341397,0
2017-05-02,18.000000,18.299999,17.700001,18.299999,15.597088,12900
2017-05-03,18.600000,19.000000,18.250000,19.000000,16.193699,1510100
2017-05-04,18.690001,18.690001,18.200001,18.540001,15.801641,1511900
2017-05-05,18.500000,18.600000,18.299999,18.600000,15.852780,2800
2017-05-08,18.000000,18.600000,18.000000,18.600000,15.852780,400
2017-05-09,18.600000,18.750000,18.320000,18.750000,15.980625,5300
2017-05-10,18.750000,19.350000,18.750000,18.750000,15.980625,1550800
2017-05-11,18.750000,18.990000,18.750000,18.990000,16.185175,2800
2017-05-12,19.000000,19.000000,18.170000,19.000000,16.193699,400
2017-05-15,19.000000,19.000000,19.000000,19.000000,16.193699,0
2017-05-16,18.799999,18.799999,18.799999,18.799999,16.023239,100
2017-05-17,18.600000,18.799999,18.400000,18.799999,16.023239,11300